archivo_original,archivo_destino,semana,finca,bloque,muestra_idx,fecha,duracion_s,fps,ancho,alto,tamano_mb,veredicto_qc,problemas_qc,conteo_RC,conteo_SS,conteo_AP,conteo_CO,conteo_total
DJI_20260514111849_0287_D.MP4,Flores Tenjo\34\DJI_20260514111849_0287_D.MP4,S20,Flores Tenjo,34,80,2026-05-14,36.17,29.97,1920,1080,136.81,,,39,40,92,2,173
